4. 2222212212, 6212. (1222222222221)(212212112121. (1886-1889). 75

1888111222 12. 11212211 222 1121222222, 1888Ι 1122. 14. 11212211 222 1121222222,
221222. 2222222222 222 2221211222. 221222. 11211112 222 dom 812222222-

. LX, 299· 222122222122222222211222223.12112322.

111122 19. 11212211 222 1121222222, 221222. 1122. 22. 2222222222121111, 1842.

112112222221221 222 Ρ212222 zum 1122222 Nov. 28 112122112221121222-(122, 221222.

einer 1112222. LX, 12911. ι122121. Ρ2222222. LXIII, 4201.

11222 19. 11212211 2221121222-(122, 221222. 1122. 17. 11212211 222 1121222222, 221222.

221212212222212 222 8122122 222221. 112· 2221212223 222 222211. 0222222. LXIV,

ligiousflbung. LX, 298. 269 1.

12122 28. 1121222222 1121222222, 221222. Dec. 28. 112122112221121222·1122.,2212211.

1122222212223.Ι LX, 1104.

112222222223 von (12222122. LXIV, 272.

222.17112122112221121222222221222. 1889· Μ. 10· Unhefl d„ 2202022062,

2221212222222112. 0222222. 11112316 1.
Apr. 19. 221222. 222 1121222-(122.,221222.
8162222 222 (12112221222122. LX, ³10.
Apr. 19. 11212211 2221121222-(122, 2212211.
2122222222 112112221222122. LXI, 319.
Apr. 24. 11212211 222 1121222-(122, 2212211.
1122122223222222222223 2222 11122112·
derung 222 11223122 221 212222 1122222221-
2122. LXIII, 421.

12214. 11212211 222 1121222022, 221222.
11221222232222212 322221222222 1122221122.
LX, 3981.

Μ217. 11212211 222 1121222222, 2212211.
112222122222222122 222 evang. (121211. 12
Meeklenburg-Sehwerin. LXI, 312.

Mai 8. Urtheil des 1121222622, 221222.
1123222223 222 211221. Rbeeiuwiuigung.
LXIII, 423.

122124. 11212211222 1121222222, 221222.
2222222122232121232. LXIII, 424.

Iuni 13. 112122112221121222-1122, 221222.
Γ1211222222 122223222222212 222 222212.
LXIII, 422.

1221 22. 11212211 (122 Reium-Ger, 2212211.
Erwerbung 21222 dlngl. 11222122 222 (12222
von Angehflrigen. LXIII, 4271.
«1211211212211 222 1121222622, 2212211.
wiedereinsetzung 12 222 2221222 stand
auf Grund (122 11122221222131211 eines Ver·
122122. LXIII, 421.

,1211 9. 11212211 (122 Reium-Ger, 2212211.
82221221221122 von 1112212222. LXIII, 422.
Juli 10. 11212211 222 1121222022, 221222.
2222122222222212122121. Ρ2222222. LXIII,
420.

August 29. 2222212222 22222 22122 222-
22222221122 Β1222. an den Papst, 221222.
ital. 22212222122212221. LX, 428 ff.

021. 11. 11212211 222 1121222222, 221222.
1122222212223221232. LXIH, 426.

Nov. 6. 22122112221121222-(122, 221222.
grobe Verunglimpsung 212 2222222122222-
grund. LXIII, 426.

2212. Zuwendungeu 22 2122ι2 1122-
222212. 121111, 421.
122. 11.11212211222 uciche-fler, 2212211.
222 42121221 222 1122212122. 221222121112
111222223222212222. LXIII, 421.

222. 14. 11212211 222 1121222·(122.,2212211.
222222212222222222 222 222212221221122-
ganges. LXIII, 424.

222. 28. [1212211222 mohs-Ger, 221222.

1122222212222222. XLIII, 428 1.
Febr. 7. 1121221122211212221122, 2212211.

2221212223 222 222211. 0222223. LXIV,
2791.

Febr. 28. 11212211 2221121222-(122, 2212211.
2221. 1112222112. LXIII, 4241.

211122 14. 11212211 2221121222-(122, 221222.
1112222222122223 221 222221222222 1122.
LXIII, 427.

11122 19. 11212211 2221121222-(122., 2212211.
2222211222112212222222 221 1221221222
212222 8222212222. LXIII, 421.

11222 26. 11212211 2221121222-1122, 2212211.
1112222222122223 221 322221222222 Ehe.
1111111427.

Apr. 211212211222 1121222022, 221222.
12122121222222212222222222 1112222111211,
427.

Αρ2. 8. [1212211222 1121222622, 2212211.
1122222212222221232. LXIII, 423.

Apr. 16. 1121221122211212221122, 221222.
2222211223 222 111222222222223222 22222
212 111222222222111222. LXII, 328 1.
122115. 1121222. 222 1121222-(122.,221222.
(12222222222221 an der 2221222212222 22
1122222222 12 0222222122122. LXIV, 197 1.

112116. 11212211 222 Resona-Ger, 221222.

11222222122232121222. LXIII, 423.
Mai 21. 11212211 222 1121222222, 221222.

Besehimpfungen der Person Luthers·

LXIV, 273.
1121 28. [1212211222 1121222222, 221222.

222222212222221232. LXIII, 422.

 

