16. 6666611616, 1616611166 1166116161. (314-451).

191

1884, Sept. 20. 19611611 666 1116. ’1116616666 1887161611 28. 11111. ’666 16661161. 11111161,

66 666 1111613 von 8613166, 1611611.
8616136666. LIII, 997.
Sept. 21. 1131. 161316616 8616611166666366,
1611. 666 8616136666. LHI, 908 1.
Sept. 21. 8613. uim-cire. 1611. 1161131666-
11616111611. LXVI, 69. 77.
Sept. 22. 8613. 1663166661 1661131161 661
661 01666611166-81611663 666 76166116636-
666 1161611.-Ρ61666616 6618166166161- 666
11111616616166. LIH, ³09 11.
Sept. 22. 8613. 1116666616 66 616 Pro·
vineialgouverneure, 1611. 9661111663 666
8616136661666. LIII, 909.
1166618613. uim-circum 66 616 Pro·
616616136666166616, 1611. 666 8616136666.
LIII, 994. 319 ff.
Nov. 6. Β613. 1131. 1111666, 1611. 1161636-
1111161661 1161161. LIII, 998 911 1.
Deo. 97. 9613. Ges„ 161169, 1961161663
161166166666166166 von 11661666166616.
LXVI, 82. 94.
1885. Febr. 28. 8613. 7616166, 1611. 1161.-
1161611161111111, 67. 79.
Febr. 98. 9613. 131.7616166663,161166.
1611611666636666161166. LXVI, 791.
Mai 19. 71111. 666Αρρ.-1161.1611161, 1611.
11111611. von 0616616116661661166. LXVI,
59. “
ι1661115. 8613. Ges, 1611. 616611. 11661·
6616166. LXVI, 86.
1611998111. 666 11661161. (1661, 1611.
916136113161166 mr 616116666118616166.
11117119.
1886161. 1. 11111. 666 Cum-II. 81116661,
1611. 116117611166616166 1616116161.
LXVI, 59.
Iuni 96. Β613. 111n.-c., 1611611. 8611613616.
LXVI, 66.
1887616166. 8613. Gon, 161166. 616611.
96616616166. 11117186. 88.
Febr. 111613. Ges, 1611611. 6616166116-
36366611666 661 11111616616166.Ι.111Ἰ, 79.

1611. 11111611. von 6616616116661661-
ten. 11119119.
6611 98. 11111611 666 App-Gor. Luttich,
1611611. 96666666366 66 Ρ1ἰνι16616166.
LXVI, 69.
Aug. 19. 8613. Gen, 1611611. 61666111666-
66366. (11666366. 616 9. Septemb. 1887.)
LX, 919.

1888, Aug. 66. 6613. ¹¹⁸¹· Verordn, betr.

1161.-11616111611. LXVI, 67. 89.
(161. 91. 1161666661. 6166611666. 116116-
11166 66 8611616661, 11111191, 1611. 1661.
81636. LXI, 1691.

061 99. Breve Leo' XIII. 66Ρ1ο1116116·
666116 616 6616611 661 6166 9616666 61661
761661616116116666, 1611. 1616. 91636.
LXI, 116.

06161. 99. 6616666 6611613. 81661616 66
Ρ6ρ61116ο11Π1.,1611. 1666. 111636. Lxl,
3⁶3.. 11. Adam 1611616616. 6666616
66 96661166 XIII, 1611611. 1616. 111636.
mu, 1161.

1889661. 19. 111111. 666 66661166, bear,

96666666366 66 1111616616166.
LXVI, 69.

661117. 11111. 66666661116166 66 9166661,
1611611. 0161161666111666. 666 616661191·
1616663 6611613. 1111611. 7166663. LXII,
IIII. 8. 11666111661166, 161166. 161161.
Ρ616961161116111661166666 1166161166. LXVI,
68. 691. 79 ff.

1890· 116161911166611666. 131. 11616166.
1616161161Ρ616661161166111661166666
6661611166. LXVI, 18.
116611166611666. 1131. 9616166, 1611.
111116116116111166636666161166. LXVI, 80,
April 9. 1166611166. 131. 1616166, 1611.
16116111166636666161166. LXVI, 791.

1616166611616, 1611611666 1166116161.

314, 111616 synode 66 Aries, 8366661-
661161166 66 96661 sylvester. LVII,

96.

374, 886666 von Valenee, 161611611660.

111661611666663. LVII, 91.

1139886666 von RIez, 666. 8. 1611611.
16611666111661611666663. LVII, 16.

89.

441· Synode von 016636, 1611. Metropo-
111661611666663. LVII, 911. 98. 81.
96. 98.

4431452.) Zweites 0666. 16691166, Me·

11666111661611666663. LVII,

18. 991. 94 1. 99.

453, 836666 66 1163616, 1611. 1161166611-
1661611666663. LVII, 97. 99. 96.

9*

 

