6. 11111111ιᾶ1111, 3111131113 Ρ111111111. (1872-1373). 89

]873.111111. 3111111311 pr. 13111111. 311 1873131111 161111111111311 3111111111111

311111. u. UnterrIehtu·Suehen, 3111.
3111111113 311 31113113311111. XXXI, 149.
Mai 13. 311. 11311·3111111111111111111111-
3111111113 311311113111113 311 1131. (11-
11131131111 1111 11111111. 3113111111, 13311.
XXXI, 437. XXXII, 333 ff. LVII, 170.
1111 13. (111111, betros. 311 (1111111311
31111111 zum (1131111111 11111111. 31111-1113
Zuehtmittol. XXX, 136 1. 137. LVII, 170.
111114. Gen, 31113111 31111111 1111 311
3111111. XXX, 137 11.

111114. 311. 311 3113. von 113111, 3111111.
31131111111111111111111111111 13311311111
Ρ1111111. XXX, 137.

1111 13. 31111111. 3110111.-11111.1111333.-Η..
3111. 311 111113113111111. XXXIII, 313.
Mai 34. 1111111111 311 031111131111111, 3111,
1111111. 3111111113 31131111131111111. 31111111.-
(11111131 und 11111111. XXX, 333 11.

Mai 34. (37.) 8111111311 311 0311111311-
31111111 11 311 1111111311, 3111. 311 11111113.
31131111. XXX, 141 1.

Mai 36. 0111111111113131311111111. 131111-
copates 111 31111131. 3113131113. XXX.
1391.

1111301111, 3111.31111111113 11 11111111
3111311131. ἐξ. 111. 33 1. 36. XXXV,
133.

11111130. 3111113311 031113311111 11311
311 111331131811111113 311 Altkathonken.
XXX, 170 1.

3111131311. 311 Cum-Min. 111 1111111111.
011111311111111111111, 3111111. 3111111113
des 111111111311111111111111311131111.
1111131471.

31111 3. 3111111311 311 eard, 31111311 111
den 3113. v. Kffln Dr. 1111111111, 11111111
311· 1111113111111131111111. 1111131311.
,Iuni 6. 1111111111 311 31111111 v. 11311-
3111111311 8111111311 311 1131. 0311·
31311311111 von westph, 3111. 311 111111.
Studien. XXX, 143 1.

3 111 10. 111111. 31131131. 311111111111111
an 3111 0311111113111111 von Ρ11111, 3111. Ι

ξ. 3. 3111111. v. 11. 1111 1111311111.
311111 11. 311. 3111113. 111 311 1111113-

ministrator 111 1111111111, 3111. 1111111111.
. 31111 38. 3111111311 311 1111111111 v. Lim·

’ 111311311111. XXX, 16311. ,
,Iuni 13. 3111111·Μί11.·1111111311113, 3111111.

111111111311311111111 313111· (1111111131.-

XXXI, 340 1. Ι

suni 13.11113.7111113. 3110111.-1111.,3111.
3111131113 311 (11111311 11111111 111
311· 1111131. 1301.

Ρ113113υ111 1111 311 3131113111 311
1111111311. 0311311111, 3111. 311 Studien 11
311 11111111. 3111.-1111111113. 1111111111111
111 Ρ131131111. XXX, 131 1.

31111 17. 31111111. 311311113113111311111
3111111113 11 1111 pronun. 0111111111, 3111.
311131 1. 3111111 111311 31113111131111111.
31131133.

3111 17. 3111111311 311 3111111111 1111311-
3111 111 311 031131111311111 von 17111-
phtlen, 3111111. 311 31111311111111111111.
XXX, 133.

3111113. Β1111111111111.311 1131. 0311111111-
3111111 von 1711133311, 3111, 11. studium
111 311 111111. 1311131331.11311111111111
paderburn. XXX, 133 1.

3111130. 311111 311111. 111111 Ges, ’3111.

311. von 11111311111111113111 1113 (11111.- ·

171111. f. d. 1111111. (1111111311 11111111 111·
1111131111111. XXIX, 333 11.

3111130. 311. 311 Brennum 11111113111133.
(11111111111111111, 3111. 1111111 1111111111.
1111371133.

3111 30. 3131111111 11 311 11131111 3111-
111, 3111. 31111111111111111 1111111111 den
Ρ1111111 und 0113111111. XXX, 137 3.
Iuni 31. 3111111113311311111111311111111
Ρ111113111, 3111111. 111111. 1111111111 311
Ρ11111111111111111. XXX, 133 1.

311131. 3111131113 311 1111111111 v. 311111,

3111. 31111111 031131311311111 3131111111 “

31111111 311 3111111111111111111. XXX.
1331.

311133. 3111111113 311 Ρ1ο111111111 Dr.
3111111111 1113 Dr. 1111111111, 3111. 311
woh-philos. 31311111111 113131131111.
XXX, 131. ’“

3111 31. 3111111113 311311111311Ρ1311-
1111111 311311111131111, 3111. 3111111111.
3111111111 311111311111111, 134.
3111111131. 311, 11111. 3111111113 der

13113111311311 1131. (1111131111. 1111311111. .

1131113113. XXX. 133.

Iuni 36. 3131113111 311 1131. 3111111111-
11111111111111 11131111111111-(111111111111.111·
11111, 3111. 3331111111113311 1111111111
1111111111111111. XXXII, 133 1.

burg 1113111 0311111111. von 11111111-1111-
111, 31111311113111113131113. XXXVIII,
.Ξίῒί 30. 11111113. 311 westph. 0111111131,
3111. 311 Ρ13113ο1111181111.’131111. XXX,
133.

 

