3. Adeunt, 11811. Omen.- 1111311111, 8888111811 11. (1. Η818838111118.(1879-1883). 61

1332, 111111. (111 18. Aug.) 1111111. 111 13331111 11. 8111118881. an 811

31.-ο1. Κ11811888883188888 181 88-
11811181. XLIX, 111 1.

183. 11. 8818811. 1. O.·G.·II., 11811. 8111-
883 1188881118 811188 8118118181. bxv,
118111. (18811811. 1818181883 einiger ἓξ
188 11811388818881818 5. 88881811. 1838.
XLIX, 180 ff.

081. 11. 1111. 188 11111. 188 188, 1181181.
11811118138181881118181188 881 8881111131.

hirom. 8188838883 81881181 der weltl.
88118118 3888818888888 8118. XLIX, 118.

Oet. 181111. 188 verm-Geren„ 1181181.
8118188118188188. LXI, 88.

1181. 11818118. 188 1118. 1111 8811188-
181111811.,1181181. 0881118118 1188381111.

81881181. XLIX, 1881.
118381. (188818811181 XXXIX. 11111111.

18831883. 11818811. 188 1818.·081.-Η.,
118118188181188188118 111. 1181131888·
181118181111883. LIX, 110.

Febr. 13.1188.,11811. 188 1811811188 num
11188118 181 1818181181. 8. 181 8811818-
11111. 188 18188. XLIX, 311 1.

111111 8. 0811.-1118.-811., 11811. 1818811818
188 1881181818 18 881811. 11188181. XLIX,
110 f.

Apr. 8. 8818811. 188 1818.·(181.-11., 11811.
Bauconeurrempffleht 181 1181881818 bei
1888188111188818118188. LI, 1811.

181. 10. 118381. 0811- 881 1881181118·
1111.,11811. 181881. 188 1188111. 8. 88881.-
18181113.1811 Ρ1118188 131. 8818188188.
LVIII, 83 1.

1111.11.Ο811.-1118.-811., 11811. 1818811818
1881881181818 181. 111811. 8188181- od.

8838181818181 881 188 1881181811888818
811811. 1188881181181. XLIX, 110.

11811. 888813888118818118. L, 1081.
1181 11. 888188181111.-8118,1818118, 11811.
1111111118181183 111 1118818388. LI, 181.

111118. 8811811. 1188 0888.-Η., 1181181881
08118188181118 818 381881188811. 88811883.
LI, 181 1.

Juni 3. 1111381. 0811.·8118.·811., 11811. (1818-
3181888111 8881888188 uber 188 81388·
1118111188 81188881818183888 811. 1. 31.-
11811181.811131.-81. (188188818888. LVIII,
10 s.

811818.(1811·1118.-1818118., 11811. 1811883
181 888813888188818118. L, 1801.

[8818188811 8111 1818188188 181
88181118888188 88181881181188 88188181·
881818818813888. L, 118 1.

188118. 8818811. 188 1818.-(181811, 1811.
8111188388. LIX, 110.

188118. 11818811. 18818111.·(181.-Η., 11811.
88113188888811881. LI, 188 1.

1881. 8888188118 181888818811811 8118111.
1181188811188 1118118111. 8188138811. LI,
8031.

183. 1. 1183. 0811.-1118.-1818118., 1181181.
8188811188118. L, 118.

183. 1. 8188881118 888 188 88888. 111181-
18811111188818, 11811. 18811111818811. 1. 188
1181811. ’111811 181 11188888 8188188. LI,
1801.

183. 9. 88118 Leo'XIII, 11811. 8188811883
18811811118811818 1. 1. 811811. 111811 181
8188888 8181188. LI, 111 1.
183.11.1188818ΡΡ. xm. 111. brev. 81
11118.111818111811188811, 81188 888811·
181881 memorium 111818118811 1118111118 1
1881111. 11118111, 1111.

111318. 8111881881. 188 8111818181). 188
11188, 1181181. 818818118181 181881181883
0811811818118188 1. 18118888118811811. LI,
113 ff.

183. 18.-80. 1818 8181811118 synodi 1188·
88881188 8818811888. LII, 181.

183. 80. 1188818 PP. XIII. 111. 811881. 81
81188.1181118ρί18. 11818188. 111113 1.
1113. 80. 0881811.-88381. 01188181-1818118,
11811. 81388. 888118888388 I. d. 11111111-
888188138. LI, 183 1.

18381. 1111181 181 11111118. 8181118118181,
11811. 8111188388. LIX, 111.

1831111. 18111811 188 1811181. Eub. von
88111818881188 818811. 188 1181111 aus
118 8888118118 188 31.-81. Metropolim
1888888188, 111181 118111. propaganda. LI,
8081.

Sept. 6. 118181881811. 8188888881, 11811.
81818888881183 88381. 81881888381181. 18
088181181811. L, 118.

Sept. 11. 1118888181811811811 88118111.
1181811188 XIII. LI, 181 ff.

Sept„ 30. Ι11.81181118188.1888811 <In-diu.
818181, 18 18118 1888811111 libentionis
8118381118 118818811888 1818. LI, 1811.

081 111. 118381. (1811.-1118.-1111., 11811. 118-
113188888181118111 18 181 1181188 (111818 181
88118118888- 881 118818181131818811888.

11111, 18 f.

 

