11. 5515551515, 5515511515 515 85555515. (1828-1873).

125

1858ι Sept. 11. 015555555551555555555555· 1872, August 90. 855551555 555 (155155

lung, 5515511. 115551511553555111515.
8555155 25155155555515555. XXIX, 5911.
Sept. 17. 0555551555511 55, 5555111555.
55585551 555 555 015555555115555, 5515.
2551551555 51555 515555515555 85515555.

XXIX, 82. 651. 69 I.

1861, 051. 12. 055155 Gen, 5515. 551155-
15515555 (11511555 555 5515511555.
5515, 55.

1864Ι 8551. 22. 5155555553 caspar 1155-
5111555 zum Weihbisuhos 555155-

55555 (1551. XXIX, 82.
Dee. 22129. 8515551555 555 01555515 555
15555555 55 515 8151115555. von (1551,
5515511. 551555 55511555155551 5155551155.
XXXV, 2531.
Dee. 29. 855551555 555 111555. 555 555-
5555555 5551155155 8155155, 5515. 115·
5551555555 555 1115155. d. (15551151555
(1555551515. 551555515555511155. XXIX,
89. 98.

1865· 111155 28. (1. April.) 8155155. v. (1551

55 555 2155551 von 55555555, 5515.

Generaleuur 5155511155. XXXV, 254.
Juli 5. 855551555 555 8551555555. 5155551.
0555551515555 55 5. 8155155. von (1551,
5515115555 5155511155. XXXV, 254.
Iuli 25. 8515551555 555 8155155. v. Genf.
55 555 3155551 von Freiburg, 5515. 51555.
5155511155. XXXV, 2551.

1868, Sept. 27. 1551555553 555 (1551555
(1551. Art. 2. XXX, 59 1.

1869, 051. 10. 8155155551555555 des ΚΜ.
1555 851515555. Art. 8. 82. XXXVII,
42. 89.

1870. 51555 4. 11515. 555 0555555. 55 Lu·
5555, 5515. 515 11555555551551 555

Patruus und 25555155555. XXVIII, 180 ff.

1871· 051. 7. 855551555 555 8155155. von
(1551 55 11535. 5115511155, 5515. pro·
5155515555 5555115553 5155515555 515 05-
5555151555. XXIX, 99.
051. 1. 15515115. 555 8155155. v. Gens, 5515.
51585. 1155511155. XXXV, 258.

1872, 1151151555 8151151115 (15515. XXIX,
84

«1551295055155 055515, 5515. 515 55113.
0555555115555. XXIX, 85.
Aug. 16. Ρ5515515555555151. Nuntius 15

555 8555515 gagen 555 (155155 (155515
vom 3. Februur 1812 11555 515 55150555.
XXIX, 86.

8155155. 55 555 9155555551 555
Gom-vio. 1155511155, 5515. 1551555555 v. Α
51155 515558515555 8555115555 Im 1155155
Gens. XXIX, 88. XXXV, 258.

Sept. 2551551 511. 5515. 05555155. 555 Kon-
1555 1155155555 515 1155515555 81555515
1155511155. XXIX, 991.

8551. 5. 1551551555 81555515 1155511155
gagen 515 1151555553 555 551555 51555.
2555115555 15 oens durch 555 (155155
8155155. XXIX, 89. 94 1.

Sept. 20. neor. 555 8155155. 555 (1551,

’ 5515. 1155515555 1155515555 515 9155555

von (1551, 105155155551 555 Gom-Vicat.
XXIX, 89. 9511. 98 f.

855124. 81555515 555 8555515,855551555
55 81555511155511155 555 1155555. XXIX,
1001.

8551. 28. 2551551 555 111555. 1155511155
55 5. 8155155. v. (1551. XXIX, 101 (1.
05155. 1155155 0551, 555 (115555 55555
8155155. v. Gens. XXIX, 101 ff.

051. 22. 055155 8155155, 25551555. 55 555
11515, 5515511. 11155551 5155501155. XXIX,
11011.

051. 29. 95551551 55511155511551115)1 v.
15555555 551 vemltung und 25555111.
51555 111555. v. (1551. XXIX, 89.

051. 28. Des 81555515 von 15555555 Ver-
uiohtleiutung 551 5. 0555511555 5115551555
Gens. XXIX, 1121.

Nou. 11. Κ55155 (1551, 8555515555. 05151·
11555511 55 Ρ5551Ρ155 IX. XXIX, 113 ff.
1155. 21. 11155 ΙΧ. 5515551555551555 55
515 (1550155555 555 11551555 0551.
XXIX, 11811.

Nou. 28. 85151555555 1215555551555515.
XXXVII, 40 ff.

Dee. 51151. 555 Buff-Bathos 55 1555555,
5515511. 055515555555 555 1155515555 555
8555515555551515555 55 515555 Votum
555 5555551551. Prof. 1151555555. XXVIII,
p. excvl.

05516 5515551555551555 555 81555515
von Β5551 55 5. Region-R. v. Solothuru,
5515. 515 5555551551. 1155551. 555 111555-
5555111555. XXIX, 71111.

1873,555.(155.-11515551, 551558. 1155551

555 8551551553 51555 1115155555 55
(1551 5. 5. 5511111589.
Ianuar. BegIer. von (15515. 5. 11555555,
5515511. Verwuhrung gagen „EinmIschung

555 hl. 815515515 515 1555555 5535155.
(1551511 XXIX, 118.

 

